644 86 654 122
668 86 698 122
713 86 723 122
98 166 153 210
138 166 206 210
223 166 226 210
239 166 285 210
269 166 342 210
354 166 441 210
455 166 476 210
492 166 565 210
580 166 637 210
652 166 697 210
680 166 726 210
722 166 727 210
743 166 747 210
760 166 772 210
760 166 829 210
843 166 846 210
861 166 906 210
920 166 1104 210
1090 166 1115 210
1130 166 1153 210
1150 166 1183 210
1172 166 1196 210
1186 166 1245 210
1233 166 1273 210
98 219 127 250
141 219 194 250
208 219 284 250
298 219 302 250
98 254 225 376
212 254 361 376
338 254 587 376
599 254 702 376
696 254 734 376
709 254 778 376
772 254 1079 376
1074 254 1181 376
1174 254 1287 376
99 377 222 462
211 377 241 462
236 377 304 462
319 377 702 462
664 377 1036 462
1013 377 1073 462
1084 377 1098 462
1088 377 1169 462
1156 377 1289 462
98 465 137 506
135 465 262 506
249 465 365 506
351 465 366 506
376 465 379 506
392 465 426 506
417 465 526 506
514 465 527 506
540 465 644 506
667 465 729 506
724 465 791 506
786 465 858 506
845 465 916 506
939 465 1014 506
1009 465 1064 506
1086 465 1193 506
1209 465 1289 506
98 507 149 547
138 507 205 547
218 507 301 547
314 507 323 547
314 507 395 547
411 507 415 547
429 507 494 547
507 507 615 547
629 507 720 547
735 507 807 547
823 507 836 547
851 507 916 547
932 507 984 547
998 507 1012 547
998 507 1169 547
1185 507 1189 547
136 548 181 589
177 548 194 589
230 548 273 589
261 548 472 589
497 548 720 589
744 548 778 589
771 548 787 589
782 548 833 589
823 548 990 589
987 548 1038 589
1024 548 1249 589
1236 548 1250 589
1266 548 1289 589
1285 548 1290 589
98 593 125 630
120 593 140 630
128 593 151 630
165 593 188 630
185 593 189 630
203 593 219 630
203 593 220 630
232 593 252 630
248 593 290 630
280 593 316 630
295 593 325 630
341 593 349 630
363 593 384 630
381 593 416 630
403 593 424 630
421 593 488 630
484 593 531 630
515 593 599 630
581 593 625 630
613 593 635 630
648 593 660 630
648 593 685 630
701 593 734 630
716 593 798 630
795 593 839 630
824 593 898 630
880 593 899 630
914 593 999 630
987 593 1014 630
1003 593 1063 630
1059 593 1100 630
1086 593 1158 630
1178 593 1191 630
1178 593 1231 630
1218 593 1256 630
1242 593 1289 630
98 632 142 673
158 632 223 673
219 632 237 673
252 632 265 673
277 632 332 673
346 632 458 673
451 632 459 673
474 632 478 673
492 632 497 673
511 632 574 673
559 632 643 673
657 632 677 673
657 632 765 673
781 632 828 673
822 632 858 673
841 632 859 673
873 632 878 673
891 632 904 673
891 632 913 673
907 632 927 673
951 632 1068 673
1083 632 1088 673
1109 632 1191 673
1179 632 1223 673
1244 632 1280 673
97 680 119 716
115 680 206 716
200 680 254 716
241 680 321 716
333 680 349 716
333 680 366 716
395 680 400 716
395 680 418 716
402 680 454 716
439 680 455 716
468 680 496 716
483 680 504 716
519 680 523 716
535 680 610 716
606 680 663 716
645 680 712 716
695 680 733 716
746 680 750 716
765 680 800 716
814 680 949 716
934 680 973 716
988 680 996 716
97 720 261 802
239 720 478 802
462 720 511 802
505 720 690 802
684 720 873 802
858 720 897 802
892 720 989 802
987 720 1157 802
1129 720 1184 802
1196 720 1289 802
98 809 117 844
98 809 143 844
122 809 172 844
185 809 213 844
201 809 244 844
231 809 252 844
248 809 275 844
262 809 327 844
339 809 405 844
394 809 515 844
503 809 549 844
536 809 585 844
597 809 642 844
638 809 667 844
683 809 687 844
102 847 170 930
189 847 208 930
205 847 418 930
397 847 438 930
420 847 1070 930
1056 847 1082 930
1098 847 1289 930
1325 847 1333 930
97 932 130 973
123 932 216 973
208 932 232 973
247 932 291 973
306 932 319 973
333 932 396 973
409 932 469 973
461 932 470 973
482 932 576 973
563 932 633 973
628 932 661 973
675 932 688 973
675 932 775 973
791 932 973 973
989 932 1023 973
1036 932 1054 973
1068 932 1084 973
1068 932 1104 973
1120 932 1124 973
1136 932 1157 973
1153 932 1172 973
1186 932 1199 973
1186 932 1242 973
1235 932 1289 973
97 980 128 1013
142 980 173 1013
157 980 200 1013
177 980 230 1013
219 980 237 1013
234 980 286 1013
272 980 287 1013
300 980 328 1013
316 980 329 1013
342 980 379 1013
394 980 398 1013
132 1018 170 1058
149 1018 212 1058
227 1018 289 1058
274 1018 390 1058
404 1018 562 1058
549 1018 595 1058
583 1018 628 1058
643 1018 680 1058
668 1018 742 1058
754 1018 819 1058
812 1018 872 1058
857 1018 891 1058
906 1018 935 1058
950 1018 1014 1058
1028 1018 1069 1058
1083 1018 1105 1058
1100 1018 1159 1058
1148 1018 1180 1058
1203 1018 1284 1058
1270 1018 1285 1058
96 1059 156 1102
167 1059 179 1102
167 1059 203 1102
200 1059 229 1102
248 1059 251 1102
248 1059 252 1102
266 1059 375 1102
355 1059 376 1102
407 1059 444 1102
428 1059 456 1102
471 1059 513 1102
526 1059 531 1102
545 1059 557 1102
545 1059 582 1102
599 1059 631 1102
627 1059 695 1102
682 1059 707 1102
699 1059 796 1102
827 1059 905 1102
884 1059 906 1102
936 1059 952 1102
936 1059 999 1102
988 1059 1033 1102
1064 1059 1188 1102
1203 1059 1288 1102
99 1103 114 1143
99 1103 150 1143
164 1103 217 1143
231 1103 285 1143
273 1103 286 1143
301 1103 377 1143
391 1103 504 1143
497 1103 517 1143
512 1103 574 1143
588 1103 593 1143
604 1103 759 1143
772 1103 785 1143
772 1103 856 1143
842 1103 876 1143
862 1103 895 1143
880 1103 896 1143
908 1103 932 1143
926 1103 940 1143
954 1103 1016 1143
1012 1103 1031 1143
1061 1103 1066 1143
1076 1103 1097 1143
1076 1103 1123 1143
1110 1103 1153 1143
1166 1103 1226 1143
1209 1103 1227 1143
1237 1103 1272 1143
1257 1103 1286 1143
1282 1103 1287 1143
96 1145 108 1184
96 1145 132 1184
146 1145 237 1184
229 1145 315 1184
310 1145 354 1184
366 1145 381 1184
366 1145 421 1184
412 1145 429 1184
425 1145 444 1184
432 1145 477 1184
471 1145 485 1184
481 1145 511 1184
496 1145 522 1184
514 1145 572 1184
567 1145 588 1184
574 1145 589 1184
603 1145 643 1184
627 1145 659 1184
647 1145 694 1184
691 1145 695 1184
708 1145 757 1184
744 1145 785 1184
800 1145 915 1184
902 1145 931 1184
942 1145 993 1184
981 1145 1010 1184
1022 1145 1045 1184
1037 1145 1087 1184
1083 1145 1112 1184
1107 1145 1113 1184
1123 1145 1153 1184
1141 1145 1175 1184
1162 1145 1202 1184
1198 1145 1278 1184
1273 1145 1288 1184
96 1193 109 1227
96 1193 150 1227
137 1193 170 1227
165 1193 235 1227
248 1193 322 1227
317 1193 323 1227
336 1193 349 1227
336 1193 356 1227
353 1193 407 1227
391 1193 522 1227
518 1193 523 1227
537 1193 541 1227
559 1237 575 1280
559 1237 680 1280
659 1237 681 1280
693 1237 826 1280
595 1294 616 1331
595 1294 696 1331
688 1294 762 1331
744 1294 777 1331
800 1294 805 1331
132 1345 201 1386
191 1345 217 1386
240 1345 349 1386
372 1345 387 1386
372 1345 466 1386
457 1345 535 1386
557 1345 699 1386
683 1345 718 1386
713 1345 797 1386
819 1345 867 1386
857 1345 920 1386
916 1345 934 1386
923 1345 964 1386
959 1345 977 1386
991 1345 1126 1386
1140 1345 1232 1386
1258 1345 1272 1386
1258 1345 1287 1386
98 1387 162 1429
154 1387 163 1429
198 1387 217 1429
198 1387 233 1429
265 1387 316 1429
301 1387 357 1429
373 1387 378 1429
392 1387 430 1429
421 1387 447 1429
467 1387 508 1429
533 1387 619 1429
607 1387 823 1429
819 1387 848 1429
842 1387 877 1429
870 1387 928 1429
914 1387 938 1429
963 1387 986 1429
974 1387 1012 1429
1037 1387 1108 1429
1128 1387 1167 1429
1154 1387 1193 1429
1186 1387 1279 1429
1268 1387 1288 1429
99 1438 156 1464
169 1438 173 1464
566 1479 640 1522
635 1479 688 1522
666 1479 709 1522
692 1479 735 1522
723 1479 778 1522
812 1479 818 1522
130 1529 161 1570
177 1529 181 1570
177 1529 182 1570
196 1529 211 1570
196 1529 271 1570
259 1529 310 1570
324 1529 415 1570
410 1529 466 1570
480 1529 495 1570
480 1529 563 1570
548 1529 575 1570
588 1529 620 1570
604 1529 650 1570
633 1529 705 1570
720 1529 760 1570
773 1529 778 1570
791 1529 911 1570
930 1529 969 1570
964 1529 996 1570
1012 1529 1016 1570
477 1585 487 1629
513 1585 524 1629
547 1585 559 1629
584 1585 646 1629
664 1585 679 1629
664 1585 724 1629
718 1585 743 1629
729 1585 778 1629
796 1585 826 1629
821 1585 887 1629
906 1585 911 1629
131 1635 134 1674
150 1635 219 1674
203 1635 228 1674
223 1635 286 1674
299 1635 316 1674
299 1635 401 1674
413 1635 492 1674
489 1635 493 1674
507 1635 533 1674
507 1635 556 1674
550 1635 557 1674
572 1635 634 1674
618 1635 658 1674
639 1635 667 1674
680 1635 724 1674
737 1635 777 1674
761 1635 843 1674
838 1635 873 1674
856 1635 874 1674
899 1635 920 1674
899 1635 972 1674
955 1635 1066 1674
1084 1635 1100 1674
1084 1635 1109 1674
1104 1635 1141 1674
1136 1635 1196 1674
1191 1635 1224 1674
1200 1635 1225 1674
1238 1635 1241 1674
1254 1635 1291 1674
96 1680 130 1719
96 1680 152 1719
134 1680 153 1719
166 1680 176 1719
190 1680 212 1719
190 1680 227 1719
241 1680 271 1719
287 1680 318 1719
333 1680 367 1719
349 1680 376 1719
371 1680 377 1719
394 1680 437 1719
420 1680 459 1719
472 1680 477 1719