0 86 1390 122
0 166 1390 210
0 219 1390 250
0 254 1390 376
0 377 1390 462
0 465 1390 506
0 507 1390 547
0 548 1390 589
0 593 1390 630
0 632 1390 673
0 680 1390 716
0 720 1390 802
0 809 1390 844
0 847 1390 930
0 932 1390 973
0 980 1390 1013
0 1018 1390 1058
0 1059 1390 1102
0 1103 1390 1143
0 1145 1390 1184
0 1193 1390 1227
0 1237 1390 1280
0 1294 1390 1331
0 1345 1390 1386
0 1387 1390 1429
0 1438 1390 1464
0 1479 1390 1522
0 1529 1390 1570
0 1585 1390 1629
0 1635 1390 1674
0 1680 1390 1719