0 88 1390 121
0 166 1390 210
0 219 1390 249
0 254 1390 376
0 377 1390 462
0 465 1390 504
0 507 1390 547
0 548 1390 589
0 594 1390 629
0 632 1390 673
0 680 1390 715
0 721 1390 802
0 810 1390 843
0 847 1390 930
0 933 1390 973
0 980 1390 1013
0 1018 1390 1058
0 1060 1390 1102
0 1104 1390 1142
0 1145 1390 1184
0 1193 1390 1227
0 1238 1390 1279
0 1294 1390 1331
0 1345 1390 1386
0 1387 1390 1429
0 1438 1390 1446
0 1447 1390 1464
0 1479 1390 1488
0 1490 1390 1522
0 1529 1390 1570
0 1585 1390 1629
0 1636 1390 1673
0 1680 1390 1719